V1 12.0 1 2
V2 24.0 10 11
V3 5.0 20 21
V4 15.0 31 30
V5 10.0 40 41
V6 3.3 5 15
V7 9.0 25 35
R1 10.0 2 3
R2 15.0 3 4
R3 22.0 4 5
R4 10.0 5 6
R5 33.0 6 7
R6 47.0 7 8
R7 10.0 8 9
R8 5.0 9 10
R9 12.0 11 12
R10 18.0 12 13
R11 22.0 13 14
R12 10.0 14 15
R13 33.0 15 16
R14 47.0 16 17
R15 10.0 17 18
R16 5.0 18 19
R17 12.0 19 20
R18 15.0 21 22
R19 22.0 22 23
R20 10.0 23 24
R21 33.0 24 25
R22 47.0 25 26
R23 10.0 26 27
R24 5.0 27 28
R25 12.0 28 29
R26 18.0 29 30
R27 22.0 31 32
R28 10.0 32 33
R29 33.0 33 34
R30 47.0 34 35
R31 10.0 35 36
R32 5.0 36 37
R33 12.0 37 38
R34 18.0 38 39
R35 22.0 39 40
R36 10.0 41 42
R37 33.0 42 43
R38 47.0 43 44
R39 10.0 44 45
R40 5.0 45 46
R41 12.0 46 47
R42 18.0 47 48
R43 22.0 48 49
R44 10.0 49 50
R45 33.0 50 1
R46 100.0 3 48
R47 120.0 5 45
R48 150.0 8 42
R49 200.0 12 39
R50 220.0 15 25
R51 330.0 18 32
R52 470.0 22 29
R53 100.0 25 27
R54 150.0 35 45
R55 10.0 20 40